   1.0000e+00
   9.5106e-01
   8.0902e-01
   5.8779e-01
   3.0902e-01
   5.2091e-08
  -3.0902e-01
  -5.8779e-01
  -8.0902e-01
  -9.5106e-01
  -1.0000e+00
  -9.5106e-01
  -8.0902e-01
  -5.8779e-01
  -3.0902e-01
  -1.5627e-07
   3.0902e-01
   5.8779e-01
   8.0902e-01
   9.5106e-01
   1.0000e+00
   9.5106e-01
   8.0902e-01
   5.8779e-01
   3.0902e-01
   2.6046e-07
  -3.0902e-01
  -5.8779e-01
  -8.0902e-01
  -9.5106e-01
  -1.0000e+00
  -9.5106e-01
  -8.0902e-01
  -5.8779e-01
  -3.0902e-01
  -3.6464e-07
   3.0902e-01
   5.8778e-01
   8.0902e-01
   9.5106e-01
   1.0000e+00
   9.5106e-01
   8.0902e-01
   5.8779e-01
   3.0902e-01
   4.6882e-07
  -3.0902e-01
  -5.8778e-01
  -8.0902e-01
  -9.5106e-01
  -1.0000e+00
  -9.5106e-01
  -8.0902e-01
  -5.8779e-01
  -3.0902e-01
  -5.7300e-07
   3.0902e-01
   5.8778e-01
   8.0902e-01
   9.5106e-01
   1.0000e+00
   9.5106e-01
   8.0902e-01
   5.8779e-01
   3.0902e-01
   6.7719e-07
  -3.0902e-01
  -5.8778e-01
  -8.0902e-01
  -9.5106e-01
  -1.0000e+00
  -9.5106e-01
  -8.0902e-01
  -5.8779e-01
  -3.0902e-01
  -7.8137e-07
   3.0902e-01
   5.8778e-01
   8.0902e-01
   9.5106e-01
   1.0000e+00
   9.5106e-01
   8.0902e-01
   5.8779e-01
   3.0902e-01
   8.8555e-07
  -3.0902e-01
  -5.8778e-01
  -8.0902e-01
  -9.5106e-01
  -1.0000e+00
  -9.5106e-01
  -8.0902e-01
  -5.8779e-01
  -3.0902e-01
  -9.8973e-07
   3.0902e-01
   5.8778e-01
   8.0902e-01
   9.5106e-01
   1.0000e+00
   9.5106e-01
   8.0902e-01
   5.8779e-01
   3.0902e-01
   1.0939e-06
  -3.0902e-01
  -5.8778e-01
  -8.0902e-01
  -9.5106e-01
  -1.0000e+00
  -9.5106e-01
  -8.0902e-01
  -5.8779e-01
  -3.0902e-01
  -1.1981e-06
   3.0902e-01
   5.8778e-01
   8.0902e-01
   9.5106e-01
   1.0000e+00
   9.5106e-01
   8.0902e-01
   5.8779e-01
   3.0902e-01
   1.3023e-06
  -3.0902e-01
  -5.8778e-01
  -8.0902e-01
  -9.5106e-01
  -1.0000e+00
  -9.5106e-01
  -8.0902e-01
  -5.8779e-01
  -3.0902e-01
  -1.4065e-06
   3.0902e-01
   5.8778e-01
   8.0902e-01
   9.5106e-01
   1.0000e+00
   9.5106e-01
   8.0902e-01
   5.8779e-01
   3.0902e-01
   1.5106e-06
  -3.0902e-01
  -5.8778e-01
  -8.0902e-01
  -9.5106e-01
  -1.0000e+00
  -9.5106e-01
  -8.0902e-01
  -5.8779e-01
  -3.0902e-01
  -1.6148e-06
   3.0902e-01
   5.8778e-01
   8.0902e-01
   9.5106e-01
   1.0000e+00
   9.5106e-01
   8.0902e-01
   5.8779e-01
   3.0902e-01
   1.7190e-06
  -3.0902e-01
  -5.8778e-01
  -8.0902e-01
  -9.5106e-01
  -1.0000e+00
  -9.5106e-01
  -8.0902e-01
  -5.8779e-01
  -3.0902e-01
  -1.8232e-06
   3.0902e-01
   5.8778e-01
   8.0902e-01
   9.5106e-01
   1.0000e+00
   9.5106e-01
   8.0902e-01
   5.8779e-01
   3.0902e-01
   1.9274e-06
  -3.0902e-01
  -5.8778e-01
  -8.0902e-01
  -9.5106e-01
  -1.0000e+00
  -9.5106e-01
  -8.0902e-01
  -5.8779e-01
  -3.0902e-01
  -2.0316e-06
   3.0902e-01
   5.8778e-01
   8.0902e-01
   9.5106e-01
   1.0000e+00
   5.8778e-01
  -3.0902e-01
  -9.5106e-01
  -8.0902e-01
   5.5914e-07
   8.0902e-01
   9.5106e-01
   3.0902e-01
  -5.8779e-01
  -1.0000e+00
  -5.8778e-01
   3.0902e-01
   9.5106e-01
   8.0902e-01
  -7.2343e-07
  -8.0902e-01
  -9.5106e-01
  -3.0902e-01
   5.8779e-01
   1.0000e+00
   5.8778e-01
  -3.0902e-01
  -9.5106e-01
  -8.0902e-01
   8.8772e-07
   8.0902e-01
   9.5106e-01
   3.0902e-01
  -5.8779e-01
  -1.0000e+00
  -5.8778e-01
   3.0902e-01
   9.5106e-01
   8.0902e-01
  -1.0520e-06
  -8.0902e-01
  -9.5106e-01
  -3.0902e-01
   5.8779e-01
   1.0000e+00
   5.8778e-01
  -3.0902e-01
  -9.5106e-01
  -8.0902e-01
   1.2163e-06
   8.0902e-01
   9.5106e-01
   3.0902e-01
  -5.8779e-01
  -1.0000e+00
  -5.8778e-01
   3.0902e-01
   9.5106e-01
   8.0902e-01
  -1.3806e-06
  -8.0902e-01
  -9.5106e-01
  -3.0902e-01
   5.8779e-01
   1.0000e+00
   5.8778e-01
  -3.0902e-01
  -9.5106e-01
  -8.0902e-01
   1.5449e-06
   8.0902e-01
   9.5106e-01
   3.0902e-01
  -5.8779e-01
  -1.0000e+00
  -5.8778e-01
   3.0902e-01
   9.5106e-01
   8.0902e-01
  -1.7092e-06
  -8.0902e-01
  -9.5106e-01
  -3.0902e-01
   5.8779e-01
   1.0000e+00
   5.8778e-01
  -3.0902e-01
  -9.5106e-01
  -8.0902e-01
   1.8735e-06
   8.0902e-01
   9.5106e-01
   3.0902e-01
  -5.8779e-01
  -1.0000e+00
  -5.8778e-01
   3.0902e-01
   9.5106e-01
   8.0902e-01
  -2.0377e-06
  -8.0902e-01
  -9.5106e-01
  -3.0902e-01
   5.8779e-01
   1.0000e+00
   5.8778e-01
  -3.0902e-01
  -9.5106e-01
  -8.0902e-01
   2.2020e-06
   8.0902e-01
   9.5106e-01
   3.0901e-01
  -5.8779e-01
  -1.0000e+00
  -5.8778e-01
   3.0902e-01
   9.5106e-01
   8.0902e-01
  -2.3663e-06
  -8.0902e-01
  -9.5106e-01
  -3.0901e-01
   5.8779e-01
   1.0000e+00
   5.8778e-01
  -3.0902e-01
  -9.5106e-01
  -8.0902e-01
   2.5306e-06
   8.0902e-01
   9.5106e-01
   3.0901e-01
  -5.8779e-01
  -1.0000e+00
  -5.8778e-01
   3.0902e-01
   9.5106e-01
   8.0902e-01
  -2.6949e-06
  -8.0902e-01
  -9.5106e-01
  -3.0901e-01
   5.8779e-01
   1.0000e+00
   5.8778e-01
  -3.0902e-01
  -9.5106e-01
  -8.0902e-01
   2.8592e-06
   8.0902e-01
   9.5106e-01
   3.0901e-01
  -5.8779e-01
  -1.0000e+00
  -5.8778e-01
   3.0902e-01
   9.5106e-01
   8.0902e-01
  -3.0235e-06
  -8.0902e-01
  -9.5106e-01
  -3.0901e-01
   5.8779e-01
   1.0000e+00
   5.8778e-01
  -3.0902e-01
  -9.5106e-01
  -8.0902e-01
   3.1878e-06
   8.0902e-01
   9.5106e-01
   3.0901e-01
  -5.8779e-01
  -1.0000e+00
  -5.8778e-01
   3.0902e-01
   9.5106e-01
   8.0902e-01
  -3.3521e-06
  -8.0902e-01
  -9.5106e-01
  -3.0901e-01
   5.8779e-01
   1.0000e+00
   5.8778e-01
  -3.0902e-01
  -9.5106e-01
  -8.0901e-01
   3.5164e-06
   8.0902e-01
   9.5106e-01
   3.0901e-01
  -5.8779e-01
  -1.0000e+00
  -5.8778e-01
   3.0902e-01
   9.5106e-01
   8.0901e-01
  -3.6806e-06
  -8.0902e-01
  -9.5106e-01
  -3.0901e-01
   5.8779e-01

